recording GPU power consumption on id 0 with time interval 50 msec
# start recording GPU power @2023-04-28-19:06:53.251-UTC
2023/04/28 19:06:53.262, 12.23, P8, 15360, 0, 15101, 0, 0, 53, 300, 405
2023/04/28 19:06:53.318, 12.23, P8, 15360, 0, 15101, 0, 0, 53, 300, 405
2023/04/28 19:06:53.373, 12.83, P8, 15360, 0, 15101, 0, 0, 53, 300, 405
2023/04/28 19:06:53.429, 12.83, P8, 15360, 0, 15101, 0, 0, 53, 300, 405
2023/04/28 19:06:53.484, 13.03, P8, 15360, 0, 15101, 0, 0, 53, 300, 405
2023/04/28 19:06:53.540, 13.03, P8, 15360, 0, 15101, 0, 0, 53, 300, 405
2023/04/28 19:06:53.596, 13.23, P8, 15360, 0, 15101, 0, 0, 53, 300, 405
2023/04/28 19:06:53.651, 12.53, P8, 15360, 0, 15101, 0, 0, 53, 300, 405
2023/04/28 19:06:53.707, 12.53, P8, 15360, 0, 15101, 0, 0, 53, 300, 405
2023/04/28 19:06:53.762, 12.33, P8, 15360, 0, 15101, 0, 0, 53, 300, 405
2023/04/28 19:06:53.818, 12.33, P8, 15360, 0, 15101, 0, 0, 53, 300, 405
2023/04/28 19:06:53.873, 12.83, P8, 15360, 0, 15101, 0, 0, 53, 300, 405
2023/04/28 19:06:53.929, 12.83, P8, 15360, 0, 15101, 0, 0, 53, 300, 405
2023/04/28 19:06:53.984, 12.93, P8, 15360, 0, 15101, 0, 0, 53, 300, 405
2023/04/28 19:06:54.040, 12.93, P8, 15360, 0, 15101, 0, 0, 53, 300, 405
2023/04/28 19:06:54.096, 13.23, P8, 15360, 0, 15101, 0, 0, 53, 300, 405
2023/04/28 19:06:54.152, 12.53, P8, 15360, 0, 15101, 0, 0, 53, 300, 405
2023/04/28 19:06:54.207, 12.53, P8, 15360, 0, 15101, 0, 0, 53, 300, 405
2023/04/28 19:06:54.262, 12.63, P8, 15360, 0, 15101, 0, 0, 53, 300, 405
2023/04/28 19:06:54.318, 12.63, P8, 15360, 0, 15101, 0, 0, 53, 300, 405
2023/04/28 19:06:54.373, 12.63, P8, 15360, 0, 15101, 0, 0, 53, 300, 405
2023/04/28 19:06:54.429, 12.63, P8, 15360, 0, 15101, 0, 0, 53, 300, 405
2023/04/28 19:06:54.484, 13.23, P8, 15360, 0, 15101, 0, 0, 53, 300, 405
2023/04/28 19:06:54.540, 13.23, P8, 15360, 0, 15101, 0, 0, 53, 300, 405
2023/04/28 19:06:54.595, 13.52, P8, 15360, 0, 15101, 0, 0, 53, 300, 405
2023/04/28 19:06:54.650, 12.23, P8, 15360, 0, 15101, 0, 0, 53, 300, 405
2023/04/28 19:06:54.705, 12.23, P8, 15360, 0, 15101, 0, 0, 53, 300, 405
2023/04/28 19:06:54.760, 12.43, P8, 15360, 0, 15101, 0, 0, 53, 300, 405
2023/04/28 19:06:54.816, 12.43, P8, 15360, 0, 15101, 0, 0, 53, 300, 405
2023/04/28 19:06:54.871, 12.33, P8, 15360, 0, 15101, 0, 0, 53, 300, 405
2023/04/28 19:06:54.927, 12.33, P8, 15360, 0, 15101, 0, 0, 53, 300, 405
2023/04/28 19:06:54.982, 12.83, P8, 15360, 0, 15101, 0, 0, 53, 300, 405
2023/04/28 19:06:55.038, 12.83, P8, 15360, 0, 15101, 0, 0, 53, 300, 405
2023/04/28 19:06:55.097, 13.13, P8, 15360, 0, 15101, 0, 0, 53, 300, 405
2023/04/28 19:06:55.153, 12.53, P8, 15360, 0, 15101, 0, 0, 53, 300, 405
2023/04/28 19:06:55.208, 12.53, P8, 15360, 0, 15101, 0, 0, 53, 300, 405
2023/04/28 19:06:55.264, 12.33, P8, 15360, 0, 15101, 0, 0, 53, 300, 405
2023/04/28 19:06:55.320, 12.33, P8, 15360, 0, 15101, 0, 0, 53, 300, 405
2023/04/28 19:06:55.375, 12.53, P8, 15360, 0, 15101, 0, 0, 53, 300, 405
2023/04/28 19:06:55.430, 12.53, P8, 15360, 0, 15101, 0, 0, 53, 300, 405
2023/04/28 19:06:55.486, 12.63, P8, 15360, 0, 15101, 0, 0, 53, 300, 405
2023/04/28 19:06:55.542, 12.63, P8, 15360, 0, 15101, 0, 0, 53, 300, 405
2023/04/28 19:06:55.597, 13.32, P8, 15360, 0, 15101, 0, 0, 53, 300, 405
2023/04/28 19:06:55.652, 12.23, P8, 15360, 0, 15101, 0, 0, 53, 300, 405
2023/04/28 19:06:55.708, 12.23, P8, 15360, 0, 15101, 0, 0, 53, 300, 405
2023/04/28 19:06:55.764, 12.53, P8, 15360, 0, 15101, 0, 0, 53, 300, 405
2023/04/28 19:06:55.819, 12.53, P8, 15360, 0, 15101, 0, 0, 53, 300, 405
2023/04/28 19:06:55.875, 12.43, P8, 15360, 0, 15101, 0, 0, 53, 300, 405
2023/04/28 19:06:55.930, 12.43, P8, 15360, 0, 15101, 0, 0, 53, 300, 405
2023/04/28 19:06:55.986, 12.63, P8, 15360, 0, 15101, 0, 0, 53, 300, 405
2023/04/28 19:06:56.041, 12.63, P8, 15360, 0, 15101, 0, 0, 53, 300, 405
2023/04/28 19:06:56.096, 13.13, P8, 15360, 0, 15101, 0, 0, 53, 300, 405
2023/04/28 19:06:56.152, 12.23, P8, 15360, 0, 15101, 0, 0, 53, 300, 405
2023/04/28 19:06:56.208, 12.23, P8, 15360, 0, 15101, 0, 0, 53, 300, 405
# start train @2023-04-28-19:06:56.256-UTC
2023/04/28 19:06:56.264, 12.23, P8, 15360, 0, 15101, 0, 0, 53, 300, 405
2023/04/28 19:06:56.319, 12.23, P8, 15360, 11, 15090, 0, 0, 53, 300, 405
2023/04/28 19:06:56.374, 14.90, P0, 15360, 15, 15086, 0, 0, 53, 585, 5000
2023/04/28 19:06:56.436, 14.90, P0, 15360, 103, 14998, 0, 0, 53, 585, 5000
2023/04/28 19:06:56.491, 29.59, P0, 15360, 103, 14998, 0, 0, 53, 585, 5000
2023/04/28 19:06:56.545, 29.59, P0, 15360, 103, 14998, 3, 0, 53, 585, 5000
2023/04/28 19:06:56.601, 29.79, P0, 15360, 107, 14994, 3, 0, 53, 585, 5000
2023/04/28 19:06:56.655, 30.37, P0, 15360, 107, 14994, 3, 0, 53, 585, 5000
2023/04/28 19:06:56.710, 30.37, P0, 15360, 107, 14994, 3, 0, 53, 585, 5000
2023/04/28 19:06:56.764, 33.43, P0, 15360, 107, 14994, 84, 0, 54, 1230, 5000
2023/04/28 19:06:56.820, 33.43, P0, 15360, 107, 14994, 84, 0, 54, 1230, 5000
2023/04/28 19:06:56.874, 33.71, P0, 15360, 107, 14994, 84, 0, 54, 1230, 5000
2023/04/28 19:06:56.928, 33.71, P0, 15360, 107, 14994, 100, 0, 54, 1590, 5000
2023/04/28 19:06:56.983, 40.47, P0, 15360, 107, 14994, 100, 0, 54, 1590, 5000
2023/04/28 19:06:57.037, 40.47, P0, 15360, 107, 14994, 100, 0, 54, 1590, 5000
2023/04/28 19:06:57.091, 41.06, P0, 15360, 107, 14994, 100, 0, 54, 1590, 5000
2023/04/28 19:06:57.145, 41.06, P0, 15360, 107, 14994, 100, 0, 54, 1590, 5000
2023/04/28 19:06:57.201, 41.06, P0, 15360, 107, 14994, 100, 0, 54, 1590, 5000
2023/04/28 19:06:57.255, 41.06, P0, 15360, 107, 14994, 100, 0, 54, 1590, 5000
2023/04/28 19:06:57.310, 41.06, P0, 15360, 107, 14994, 100, 0, 54, 1590, 5000
2023/04/28 19:06:57.365, 41.06, P0, 15360, 107, 14994, 100, 0, 54, 1590, 5000
2023/04/28 19:06:57.419, 41.06, P0, 15360, 107, 14994, 100, 0, 54, 1590, 5000
2023/04/28 19:06:57.472, 41.06, P0, 15360, 107, 14994, 100, 0, 54, 1590, 5000
2023/04/28 19:06:57.526, 41.06, P0, 15360, 107, 14994, 100, 0, 54, 1590, 5000
2023/04/28 19:06:57.583, 41.06, P0, 15360, 107, 14994, 100, 0, 54, 1590, 5000
2023/04/28 19:06:57.637, 41.06, P0, 15360, 107, 14994, 100, 0, 54, 1590, 5000
2023/04/28 19:06:57.690, 41.06, P0, 15360, 107, 14994, 100, 0, 54, 1590, 5000
2023/04/28 19:06:57.746, 41.06, P0, 15360, 107, 14994, 100, 0, 55, 1590, 5000
2023/04/28 19:06:57.803, 41.16, P0, 15360, 107, 14994, 100, 0, 55, 1590, 5000
2023/04/28 19:06:57.866, 41.16, P0, 15360, 107, 14994, 100, 0, 55, 1590, 5000
2023/04/28 19:06:57.920, 41.16, P0, 15360, 107, 14994, 100, 0, 55, 1590, 5000
2023/04/28 19:06:57.975, 41.16, P0, 15360, 107, 14994, 100, 0, 55, 1590, 5000
2023/04/28 19:06:58.029, 41.16, P0, 15360, 107, 14994, 100, 0, 55, 1590, 5000
2023/04/28 19:06:58.084, 41.16, P0, 15360, 107, 14994, 100, 0, 55, 1590, 5000
2023/04/28 19:06:58.138, 41.16, P0, 15360, 107, 14994, 100, 0, 55, 1590, 5000
2023/04/28 19:06:58.192, 41.16, P0, 15360, 107, 14994, 100, 0, 55, 1590, 5000
2023/04/28 19:06:58.248, 41.16, P0, 15360, 107, 14994, 100, 0, 55, 1590, 5000
2023/04/28 19:06:58.302, 41.16, P0, 15360, 107, 14994, 100, 0, 55, 1590, 5000
2023/04/28 19:06:58.356, 41.16, P0, 15360, 107, 14994, 100, 0, 55, 1590, 5000
2023/04/28 19:06:58.410, 41.16, P0, 15360, 107, 14994, 100, 0, 55, 1590, 5000
2023/04/28 19:06:58.464, 41.13, P0, 15360, 107, 14994, 100, 0, 55, 1590, 5000
2023/04/28 19:06:58.519, 41.13, P0, 15360, 107, 14994, 100, 0, 55, 1590, 5000
2023/04/28 19:06:58.573, 41.16, P0, 15360, 107, 14994, 100, 0, 55, 1590, 5000
2023/04/28 19:06:58.629, 41.16, P0, 15360, 107, 14994, 100, 0, 55, 1590, 5000
2023/04/28 19:06:58.683, 41.26, P0, 15360, 107, 14994, 100, 0, 55, 1590, 5000
2023/04/28 19:06:58.737, 41.26, P0, 15360, 107, 14994, 100, 0, 55, 1590, 5000
2023/04/28 19:06:58.792, 41.16, P0, 15360, 107, 14994, 100, 0, 55, 1590, 5000
2023/04/28 19:06:58.846, 41.16, P0, 15360, 107, 14994, 100, 0, 55, 1590, 5000
2023/04/28 19:06:58.900, 41.23, P0, 15360, 107, 14994, 100, 0, 55, 1590, 5000
2023/04/28 19:06:58.954, 41.23, P0, 15360, 107, 14994, 100, 0, 55, 1590, 5000
2023/04/28 19:06:59.009, 41.26, P0, 15360, 107, 14994, 100, 0, 55, 1590, 5000
2023/04/28 19:06:59.063, 41.26, P0, 15360, 107, 14994, 100, 0, 55, 1590, 5000
2023/04/28 19:06:59.119, 41.26, P0, 15360, 107, 14994, 100, 0, 55, 1590, 5000
2023/04/28 19:06:59.174, 41.26, P0, 15360, 107, 14994, 100, 0, 55, 1590, 5000
2023/04/28 19:06:59.228, 41.26, P0, 15360, 107, 14994, 100, 0, 55, 1590, 5000
2023/04/28 19:06:59.282, 41.26, P0, 15360, 107, 14994, 100, 0, 55, 1590, 5000
2023/04/28 19:06:59.336, 41.26, P0, 15360, 107, 14994, 100, 0, 55, 1590, 5000
2023/04/28 19:06:59.393, 41.26, P0, 15360, 107, 14994, 100, 0, 55, 1590, 5000
2023/04/28 19:06:59.447, 41.26, P0, 15360, 107, 14994, 100, 0, 55, 1590, 5000
2023/04/28 19:06:59.501, 41.26, P0, 15360, 107, 14994, 100, 0, 55, 1590, 5000
2023/04/28 19:06:59.556, 41.26, P0, 15360, 107, 14994, 100, 0, 55, 1590, 5000
2023/04/28 19:06:59.610, 41.26, P0, 15360, 107, 14994, 100, 0, 55, 1590, 5000
2023/04/28 19:06:59.664, 41.26, P0, 15360, 107, 14994, 100, 0, 55, 1590, 5000
2023/04/28 19:06:59.719, 41.23, P0, 15360, 107, 14994, 100, 0, 55, 1590, 5000
2023/04/28 19:06:59.775, 41.26, P0, 15360, 107, 14994, 100, 0, 55, 1590, 5000
2023/04/28 19:06:59.829, 41.26, P0, 15360, 107, 14994, 100, 0, 55, 1590, 5000
2023/04/28 19:06:59.883, 41.26, P0, 15360, 107, 14994, 100, 0, 55, 1590, 5000
2023/04/28 19:06:59.937, 41.26, P0, 15360, 107, 14994, 100, 0, 55, 1590, 5000
2023/04/28 19:06:59.992, 41.26, P0, 15360, 107, 14994, 100, 0, 55, 1590, 5000
2023/04/28 19:07:00.046, 41.26, P0, 15360, 107, 14994, 100, 0, 55, 1590, 5000
2023/04/28 19:07:00.100, 41.26, P0, 15360, 107, 14994, 100, 0, 55, 1590, 5000
2023/04/28 19:07:00.156, 41.26, P0, 15360, 107, 14994, 100, 0, 55, 1590, 5000
2023/04/28 19:07:00.210, 41.35, P0, 15360, 107, 14994, 100, 0, 55, 1590, 5000
2023/04/28 19:07:00.264, 41.35, P0, 15360, 107, 14994, 100, 0, 55, 1590, 5000
2023/04/28 19:07:00.319, 41.35, P0, 15360, 107, 14994, 100, 0, 55, 1590, 5000
2023/04/28 19:07:00.373, 41.26, P0, 15360, 107, 14994, 100, 0, 55, 1590, 5000
2023/04/28 19:07:00.428, 41.26, P0, 15360, 107, 14994, 100, 0, 55, 1590, 5000
2023/04/28 19:07:00.482, 41.35, P0, 15360, 107, 14994, 100, 0, 55, 1590, 5000
2023/04/28 19:07:00.537, 41.35, P0, 15360, 107, 14994, 100, 0, 55, 1590, 5000
2023/04/28 19:07:00.591, 41.33, P0, 15360, 107, 14994, 100, 0, 56, 1590, 5000
2023/04/28 19:07:00.645, 41.33, P0, 15360, 107, 14994, 100, 0, 55, 1590, 5000
2023/04/28 19:07:00.701, 41.35, P0, 15360, 107, 14994, 100, 0, 56, 1590, 5000
2023/04/28 19:07:00.755, 41.35, P0, 15360, 107, 14994, 100, 0, 56, 1590, 5000
2023/04/28 19:07:00.809, 41.35, P0, 15360, 107, 14994, 100, 0, 56, 1590, 5000
2023/04/28 19:07:00.863, 41.35, P0, 15360, 107, 14994, 100, 0, 56, 1590, 5000
2023/04/28 19:07:00.921, 41.33, P0, 15360, 107, 14994, 100, 0, 56, 1590, 5000
2023/04/28 19:07:00.976, 41.33, P0, 15360, 107, 14994, 100, 0, 56, 1590, 5000
2023/04/28 19:07:01.030, 41.33, P0, 15360, 107, 14994, 100, 0, 56, 1590, 5000
2023/04/28 19:07:01.084, 41.35, P0, 15360, 107, 14994, 100, 0, 56, 1590, 5000
2023/04/28 19:07:01.139, 41.35, P0, 15360, 107, 14994, 100, 0, 56, 1590, 5000
2023/04/28 19:07:01.193, 41.33, P0, 15360, 107, 14994, 100, 0, 56, 1590, 5000
2023/04/28 19:07:01.247, 41.33, P0, 15360, 107, 14994, 100, 0, 56, 1590, 5000
2023/04/28 19:07:01.303, 41.35, P0, 15360, 107, 14994, 100, 0, 56, 1590, 5000
2023/04/28 19:07:01.357, 41.35, P0, 15360, 107, 14994, 100, 0, 56, 1590, 5000
2023/04/28 19:07:01.411, 41.35, P0, 15360, 107, 14994, 100, 0, 56, 1590, 5000
2023/04/28 19:07:01.465, 41.35, P0, 15360, 107, 14994, 100, 0, 56, 1590, 5000
2023/04/28 19:07:01.519, 41.35, P0, 15360, 107, 14994, 100, 0, 56, 1590, 5000
2023/04/28 19:07:01.573, 41.35, P0, 15360, 107, 14994, 100, 0, 56, 1590, 5000
2023/04/28 19:07:01.627, 41.35, P0, 15360, 107, 14994, 100, 0, 56, 1590, 5000
2023/04/28 19:07:01.682, 41.35, P0, 15360, 107, 14994, 100, 0, 56, 1590, 5000
2023/04/28 19:07:01.736, 41.35, P0, 15360, 107, 14994, 100, 0, 56, 1590, 5000
2023/04/28 19:07:01.790, 41.35, P0, 15360, 107, 14994, 100, 0, 56, 1590, 5000
2023/04/28 19:07:01.846, 41.35, P0, 15360, 107, 14994, 100, 0, 56, 1590, 5000
2023/04/28 19:07:01.900, 41.45, P0, 15360, 107, 14994, 100, 0, 56, 1590, 5000
2023/04/28 19:07:01.954, 41.45, P0, 15360, 107, 14994, 100, 0, 56, 1590, 5000
2023/04/28 19:07:02.008, 41.45, P0, 15360, 107, 14994, 100, 0, 56, 1590, 5000
2023/04/28 19:07:02.062, 41.45, P0, 15360, 107, 14994, 100, 0, 56, 1590, 5000
2023/04/28 19:07:02.116, 41.45, P0, 15360, 107, 14994, 100, 0, 56, 1590, 5000
2023/04/28 19:07:02.174, 41.45, P0, 15360, 107, 14994, 100, 0, 56, 1590, 5000
2023/04/28 19:07:02.238, 41.45, P0, 15360, 107, 14994, 100, 0, 56, 1590, 5000
2023/04/28 19:07:02.293, 41.43, P0, 15360, 107, 14994, 100, 0, 56, 1590, 5000
2023/04/28 19:07:02.355, 41.43, P0, 15360, 107, 14994, 100, 0, 56, 1590, 5000
2023/04/28 19:07:02.418, 41.43, P0, 15360, 107, 14994, 100, 0, 56, 1590, 5000
2023/04/28 19:07:02.472, 41.43, P0, 15360, 107, 14994, 100, 0, 56, 1590, 5000
2023/04/28 19:07:02.538, 41.43, P0, 15360, 107, 14994, 100, 0, 56, 1590, 5000
2023/04/28 19:07:02.600, 41.43, P0, 15360, 107, 14994, 100, 0, 56, 1590, 5000
2023/04/28 19:07:02.655, 41.43, P0, 15360, 107, 14994, 100, 0, 56, 1590, 5000
2023/04/28 19:07:02.711, 41.45, P0, 15360, 107, 14994, 100, 0, 56, 1590, 5000
2023/04/28 19:07:02.765, 41.45, P0, 15360, 107, 14994, 100, 0, 56, 1590, 5000
2023/04/28 19:07:02.819, 41.43, P0, 15360, 107, 14994, 100, 0, 56, 1590, 5000
2023/04/28 19:07:02.873, 41.43, P0, 15360, 107, 14994, 100, 0, 56, 1590, 5000
2023/04/28 19:07:02.928, 41.45, P0, 15360, 107, 14994, 100, 0, 56, 1590, 5000
2023/04/28 19:07:02.983, 41.45, P0, 15360, 107, 14994, 100, 0, 56, 1590, 5000
2023/04/28 19:07:03.038, 41.45, P0, 15360, 107, 14994, 100, 0, 56, 1590, 5000
2023/04/28 19:07:03.094, 41.45, P0, 15360, 107, 14994, 100, 0, 56, 1590, 5000
2023/04/28 19:07:03.148, 41.45, P0, 15360, 107, 14994, 100, 0, 56, 1590, 5000
2023/04/28 19:07:03.202, 41.43, P0, 15360, 107, 14994, 100, 0, 56, 1590, 5000
2023/04/28 19:07:03.257, 41.43, P0, 15360, 107, 14994, 100, 0, 56, 1590, 5000
2023/04/28 19:07:03.313, 41.43, P0, 15360, 107, 14994, 100, 0, 56, 1590, 5000
2023/04/28 19:07:03.367, 41.43, P0, 15360, 107, 14994, 100, 0, 56, 1590, 5000
2023/04/28 19:07:03.421, 41.55, P0, 15360, 107, 14994, 100, 0, 56, 1590, 5000
2023/04/28 19:07:03.475, 41.55, P0, 15360, 107, 14994, 100, 0, 56, 1590, 5000
2023/04/28 19:07:03.529, 41.53, P0, 15360, 107, 14994, 100, 0, 56, 1590, 5000
2023/04/28 19:07:03.583, 41.53, P0, 15360, 107, 14994, 100, 0, 56, 1590, 5000
2023/04/28 19:07:03.637, 41.55, P0, 15360, 107, 14994, 100, 0, 56, 1590, 5000
2023/04/28 19:07:03.695, 41.53, P0, 15360, 107, 14994, 100, 0, 56, 1590, 5000
2023/04/28 19:07:03.749, 41.53, P0, 15360, 107, 14994, 100, 0, 56, 1590, 5000
2023/04/28 19:07:03.808, 41.53, P0, 15360, 107, 14994, 100, 0, 56, 1590, 5000
2023/04/28 19:07:03.862, 41.53, P0, 15360, 107, 14994, 100, 0, 56, 1590, 5000
2023/04/28 19:07:03.924, 41.53, P0, 15360, 107, 14994, 100, 0, 56, 1590, 5000
2023/04/28 19:07:03.978, 41.53, P0, 15360, 107, 14994, 100, 0, 56, 1590, 5000
2023/04/28 19:07:04.032, 41.53, P0, 15360, 107, 14994, 100, 0, 56, 1590, 5000
2023/04/28 19:07:04.087, 41.53, P0, 15360, 107, 14994, 100, 0, 56, 1590, 5000
2023/04/28 19:07:04.149, 41.53, P0, 15360, 107, 14994, 100, 0, 56, 1590, 5000
2023/04/28 19:07:04.203, 41.55, P0, 15360, 107, 14994, 100, 0, 56, 1590, 5000
2023/04/28 19:07:04.265, 41.55, P0, 15360, 107, 14994, 100, 0, 56, 1590, 5000
2023/04/28 19:07:04.319, 41.53, P0, 15360, 107, 14994, 100, 0, 56, 1590, 5000
2023/04/28 19:07:04.374, 41.53, P0, 15360, 107, 14994, 100, 0, 57, 1590, 5000
2023/04/28 19:07:04.428, 41.53, P0, 15360, 107, 14994, 100, 0, 56, 1590, 5000
2023/04/28 19:07:04.482, 41.53, P0, 15360, 107, 14994, 100, 0, 57, 1590, 5000
2023/04/28 19:07:04.539, 41.53, P0, 15360, 107, 14994, 100, 0, 57, 1590, 5000
2023/04/28 19:07:04.593, 41.53, P0, 15360, 107, 14994, 100, 0, 57, 1590, 5000
2023/04/28 19:07:04.647, 41.53, P0, 15360, 107, 14994, 100, 0, 57, 1590, 5000
2023/04/28 19:07:04.701, 41.53, P0, 15360, 107, 14994, 100, 0, 57, 1590, 5000
2023/04/28 19:07:04.755, 41.53, P0, 15360, 107, 14994, 100, 0, 57, 1590, 5000
2023/04/28 19:07:04.818, 41.53, P0, 15360, 107, 14994, 100, 0, 57, 1590, 5000
2023/04/28 19:07:04.872, 41.53, P0, 15360, 107, 14994, 100, 0, 57, 1590, 5000
2023/04/28 19:07:04.926, 41.53, P0, 15360, 107, 14994, 100, 0, 57, 1590, 5000
2023/04/28 19:07:04.986, 41.53, P0, 15360, 107, 14994, 100, 0, 57, 1590, 5000
2023/04/28 19:07:05.045, 41.53, P0, 15360, 107, 14994, 100, 0, 57, 1590, 5000
2023/04/28 19:07:05.108, 41.62, P0, 15360, 107, 14994, 100, 0, 57, 1590, 5000
2023/04/28 19:07:05.172, 41.62, P0, 15360, 107, 14994, 100, 0, 57, 1590, 5000
2023/04/28 19:07:05.226, 41.65, P0, 15360, 107, 14994, 100, 0, 57, 1590, 5000
2023/04/28 19:07:05.290, 41.65, P0, 15360, 107, 14994, 100, 0, 57, 1590, 5000
2023/04/28 19:07:05.344, 41.65, P0, 15360, 107, 14994, 100, 0, 57, 1590, 5000
2023/04/28 19:07:05.398, 41.62, P0, 15360, 107, 14994, 100, 0, 57, 1590, 5000
2023/04/28 19:07:05.452, 41.62, P0, 15360, 107, 14994, 100, 0, 57, 1590, 5000
2023/04/28 19:07:05.507, 41.62, P0, 15360, 107, 14994, 100, 0, 57, 1590, 5000
2023/04/28 19:07:05.570, 41.62, P0, 15360, 107, 14994, 100, 0, 57, 1590, 5000
2023/04/28 19:07:05.628, 41.65, P0, 15360, 107, 14994, 100, 0, 57, 1590, 5000
2023/04/28 19:07:05.688, 41.65, P0, 15360, 107, 14994, 100, 0, 57, 1590, 5000
2023/04/28 19:07:05.749, 41.65, P0, 15360, 107, 14994, 100, 0, 57, 1590, 5000
2023/04/28 19:07:05.805, 41.65, P0, 15360, 107, 14994, 100, 0, 57, 1590, 5000
2023/04/28 19:07:05.859, 41.65, P0, 15360, 107, 14994, 100, 0, 57, 1590, 5000
2023/04/28 19:07:05.913, 41.65, P0, 15360, 107, 14994, 100, 0, 57, 1590, 5000
2023/04/28 19:07:05.968, 41.65, P0, 15360, 107, 14994, 100, 0, 57, 1590, 5000
2023/04/28 19:07:06.022, 41.65, P0, 15360, 107, 14994, 100, 0, 57, 1590, 5000
2023/04/28 19:07:06.076, 41.65, P0, 15360, 107, 14994, 100, 0, 57, 1590, 5000
2023/04/28 19:07:06.130, 41.62, P0, 15360, 107, 14994, 100, 0, 57, 1590, 5000
2023/04/28 19:07:06.186, 41.62, P0, 15360, 107, 14994, 100, 0, 57, 1590, 5000
2023/04/28 19:07:06.240, 41.62, P0, 15360, 107, 14994, 100, 0, 57, 1590, 5000
2023/04/28 19:07:06.294, 41.62, P0, 15360, 107, 14994, 100, 0, 57, 1590, 5000
2023/04/28 19:07:06.349, 41.62, P0, 15360, 107, 14994, 100, 0, 57, 1590, 5000
2023/04/28 19:07:06.403, 41.62, P0, 15360, 107, 14994, 100, 0, 57, 1590, 5000
2023/04/28 19:07:06.457, 41.62, P0, 15360, 107, 14994, 100, 0, 57, 1590, 5000
2023/04/28 19:07:06.511, 41.62, P0, 15360, 107, 14994, 100, 0, 57, 1590, 5000
2023/04/28 19:07:06.566, 41.62, P0, 15360, 107, 14994, 100, 0, 57, 1590, 5000
2023/04/28 19:07:06.620, 41.72, P0, 15360, 107, 14994, 100, 0, 57, 1590, 5000
2023/04/28 19:07:06.674, 41.72, P0, 15360, 107, 14994, 100, 0, 57, 1590, 5000
2023/04/28 19:07:06.730, 41.62, P0, 15360, 107, 14994, 100, 0, 57, 1590, 5000
2023/04/28 19:07:06.784, 41.62, P0, 15360, 107, 14994, 100, 0, 57, 1590, 5000
2023/04/28 19:07:06.838, 41.72, P0, 15360, 107, 14994, 100, 0, 57, 1590, 5000
2023/04/28 19:07:06.892, 41.72, P0, 15360, 107, 14994, 100, 0, 57, 1590, 5000
2023/04/28 19:07:06.946, 41.72, P0, 15360, 107, 14994, 100, 0, 57, 1590, 5000
2023/04/28 19:07:07.000, 41.72, P0, 15360, 107, 14994, 100, 0, 57, 1590, 5000
2023/04/28 19:07:07.054, 41.72, P0, 15360, 107, 14994, 100, 0, 57, 1590, 5000
2023/04/28 19:07:07.113, 41.72, P0, 15360, 107, 14994, 100, 0, 57, 1590, 5000
2023/04/28 19:07:07.167, 41.72, P0, 15360, 107, 14994, 100, 0, 57, 1590, 5000
2023/04/28 19:07:07.221, 41.72, P0, 15360, 107, 14994, 100, 0, 57, 1590, 5000
2023/04/28 19:07:07.276, 41.72, P0, 15360, 107, 14994, 100, 0, 57, 1590, 5000
2023/04/28 19:07:07.333, 41.75, P0, 15360, 107, 14994, 100, 0, 57, 1590, 5000
2023/04/28 19:07:07.387, 41.75, P0, 15360, 107, 14994, 100, 0, 57, 1590, 5000
2023/04/28 19:07:07.441, 41.75, P0, 15360, 107, 14994, 100, 0, 57, 1590, 5000
2023/04/28 19:07:07.495, 41.75, P0, 15360, 107, 14994, 100, 0, 57, 1590, 5000
2023/04/28 19:07:07.549, 41.72, P0, 15360, 107, 14994, 100, 0, 57, 1590, 5000
2023/04/28 19:07:07.604, 41.72, P0, 15360, 107, 14994, 100, 0, 57, 1590, 5000
2023/04/28 19:07:07.659, 41.72, P0, 15360, 107, 14994, 100, 0, 57, 1590, 5000
2023/04/28 19:07:07.716, 41.72, P0, 15360, 107, 14994, 100, 0, 57, 1590, 5000
2023/04/28 19:07:07.769, 41.72, P0, 15360, 107, 14994, 100, 0, 57, 1590, 5000
2023/04/28 19:07:07.824, 41.72, P0, 15360, 107, 14994, 100, 0, 57, 1590, 5000
2023/04/28 19:07:07.878, 41.72, P0, 15360, 107, 14994, 100, 0, 57, 1590, 5000
2023/04/28 19:07:07.932, 41.72, P0, 15360, 107, 14994, 100, 0, 57, 1590, 5000
2023/04/28 19:07:07.986, 41.72, P0, 15360, 107, 14994, 100, 0, 57, 1590, 5000
2023/04/28 19:07:08.040, 41.75, P0, 15360, 107, 14994, 100, 0, 57, 1590, 5000
2023/04/28 19:07:08.098, 41.75, P0, 15360, 107, 14994, 100, 0, 57, 1590, 5000
2023/04/28 19:07:08.152, 41.72, P0, 15360, 107, 14994, 100, 0, 57, 1590, 5000
2023/04/28 19:07:08.206, 41.72, P0, 15360, 107, 14994, 100, 0, 57, 1590, 5000
2023/04/28 19:07:08.261, 41.72, P0, 15360, 107, 14994, 100, 0, 57, 1590, 5000
2023/04/28 19:07:08.317, 41.72, P0, 15360, 107, 14994, 100, 0, 57, 1590, 5000
2023/04/28 19:07:08.372, 41.72, P0, 15360, 107, 14994, 100, 0, 57, 1590, 5000
2023/04/28 19:07:08.426, 41.72, P0, 15360, 107, 14994, 100, 0, 57, 1590, 5000
2023/04/28 19:07:08.480, 41.72, P0, 15360, 107, 14994, 100, 0, 57, 1590, 5000
2023/04/28 19:07:08.534, 41.72, P0, 15360, 107, 14994, 100, 0, 57, 1590, 5000
2023/04/28 19:07:08.588, 41.72, P0, 15360, 107, 14994, 100, 0, 57, 1590, 5000
2023/04/28 19:07:08.643, 41.72, P0, 15360, 107, 14994, 100, 0, 58, 1590, 5000
2023/04/28 19:07:08.699, 41.72, P0, 15360, 107, 14994, 100, 0, 58, 1590, 5000
2023/04/28 19:07:08.752, 41.72, P0, 15360, 107, 14994, 100, 0, 58, 1590, 5000
2023/04/28 19:07:08.807, 41.72, P0, 15360, 107, 14994, 100, 0, 58, 1590, 5000
2023/04/28 19:07:08.862, 41.82, P0, 15360, 107, 14994, 100, 0, 58, 1590, 5000
2023/04/28 19:07:08.916, 41.82, P0, 15360, 107, 14994, 100, 0, 58, 1590, 5000
2023/04/28 19:07:08.971, 41.82, P0, 15360, 107, 14994, 100, 0, 58, 1590, 5000
2023/04/28 19:07:09.025, 41.82, P0, 15360, 107, 14994, 100, 0, 58, 1590, 5000
2023/04/28 19:07:09.080, 41.82, P0, 15360, 107, 14994, 100, 0, 58, 1590, 5000
2023/04/28 19:07:09.134, 41.82, P0, 15360, 107, 14994, 100, 0, 58, 1590, 5000
2023/04/28 19:07:09.188, 41.82, P0, 15360, 107, 14994, 100, 0, 58, 1590, 5000
2023/04/28 19:07:09.245, 41.82, P0, 15360, 107, 14994, 100, 0, 58, 1590, 5000
2023/04/28 19:07:09.299, 41.82, P0, 15360, 107, 14994, 100, 0, 58, 1590, 5000
2023/04/28 19:07:09.353, 41.85, P0, 15360, 107, 14994, 100, 0, 58, 1590, 5000
2023/04/28 19:07:09.407, 41.85, P0, 15360, 107, 14994, 100, 0, 58, 1590, 5000
2023/04/28 19:07:09.463, 41.82, P0, 15360, 107, 14994, 100, 0, 58, 1590, 5000
2023/04/28 19:07:09.517, 41.82, P0, 15360, 107, 14994, 100, 0, 58, 1590, 5000
2023/04/28 19:07:09.571, 41.82, P0, 15360, 107, 14994, 100, 0, 58, 1590, 5000
2023/04/28 19:07:09.626, 41.82, P0, 15360, 107, 14994, 100, 0, 58, 1590, 5000
2023/04/28 19:07:09.680, 41.82, P0, 15360, 107, 14994, 100, 0, 58, 1590, 5000
2023/04/28 19:07:09.734, 41.82, P0, 15360, 107, 14994, 100, 0, 58, 1590, 5000
2023/04/28 19:07:09.788, 41.82, P0, 15360, 107, 14994, 100, 0, 58, 1590, 5000
2023/04/28 19:07:09.843, 41.82, P0, 15360, 107, 14994, 100, 0, 58, 1590, 5000
2023/04/28 19:07:09.897, 41.82, P0, 15360, 107, 14994, 100, 0, 58, 1590, 5000
2023/04/28 19:07:09.951, 41.82, P0, 15360, 107, 14994, 100, 0, 58, 1590, 5000
2023/04/28 19:07:10.008, 41.82, P0, 15360, 107, 14994, 100, 0, 58, 1590, 5000
2023/04/28 19:07:10.062, 41.82, P0, 15360, 107, 14994, 100, 0, 58, 1590, 5000
2023/04/28 19:07:10.116, 41.82, P0, 15360, 107, 14994, 100, 0, 58, 1590, 5000
2023/04/28 19:07:10.175, 41.82, P0, 15360, 107, 14994, 100, 0, 58, 1590, 5000
2023/04/28 19:07:10.229, 41.82, P0, 15360, 107, 14994, 100, 0, 58, 1590, 5000
2023/04/28 19:07:10.283, 41.82, P0, 15360, 107, 14994, 100, 0, 58, 1590, 5000
2023/04/28 19:07:10.338, 41.82, P0, 15360, 107, 14994, 100, 0, 58, 1590, 5000
2023/04/28 19:07:10.392, 41.82, P0, 15360, 107, 14994, 100, 0, 58, 1590, 5000
2023/04/28 19:07:10.448, 41.92, P0, 15360, 107, 14994, 100, 0, 58, 1590, 5000
2023/04/28 19:07:10.502, 41.92, P0, 15360, 107, 14994, 100, 0, 58, 1590, 5000
2023/04/28 19:07:10.556, 41.92, P0, 15360, 107, 14994, 100, 0, 58, 1590, 5000
2023/04/28 19:07:10.611, 41.92, P0, 15360, 107, 14994, 100, 0, 58, 1590, 5000
2023/04/28 19:07:10.665, 41.92, P0, 15360, 107, 14994, 100, 0, 58, 1590, 5000
2023/04/28 19:07:10.719, 41.92, P0, 15360, 107, 14994, 100, 0, 58, 1590, 5000
2023/04/28 19:07:10.774, 41.92, P0, 15360, 107, 14994, 100, 0, 58, 1590, 5000
2023/04/28 19:07:10.831, 41.92, P0, 15360, 107, 14994, 100, 0, 58, 1590, 5000
2023/04/28 19:07:10.885, 41.92, P0, 15360, 107, 14994, 100, 0, 58, 1590, 5000
2023/04/28 19:07:10.939, 41.92, P0, 15360, 107, 14994, 100, 0, 58, 1590, 5000
2023/04/28 19:07:10.993, 41.92, P0, 15360, 107, 14994, 100, 0, 58, 1590, 5000
2023/04/28 19:07:11.048, 41.92, P0, 15360, 107, 14994, 100, 0, 58, 1590, 5000
2023/04/28 19:07:11.102, 41.92, P0, 15360, 107, 14994, 100, 0, 58, 1590, 5000
2023/04/28 19:07:11.156, 41.92, P0, 15360, 107, 14994, 100, 0, 58, 1590, 5000
2023/04/28 19:07:11.212, 41.92, P0, 15360, 107, 14994, 100, 0, 58, 1590, 5000
2023/04/28 19:07:11.266, 41.92, P0, 15360, 107, 14994, 100, 0, 58, 1590, 5000
2023/04/28 19:07:11.320, 41.92, P0, 15360, 107, 14994, 100, 0, 58, 1590, 5000
2023/04/28 19:07:11.375, 41.92, P0, 15360, 107, 14994, 100, 0, 58, 1590, 5000
2023/04/28 19:07:11.429, 41.92, P0, 15360, 107, 14994, 100, 0, 58, 1590, 5000
2023/04/28 19:07:11.483, 41.92, P0, 15360, 107, 14994, 100, 0, 58, 1590, 5000
2023/04/28 19:07:11.537, 41.92, P0, 15360, 107, 14994, 100, 0, 58, 1590, 5000
2023/04/28 19:07:11.593, 41.92, P0, 15360, 107, 14994, 100, 0, 58, 1590, 5000
2023/04/28 19:07:11.648, 41.92, P0, 15360, 107, 14994, 100, 0, 58, 1590, 5000
2023/04/28 19:07:11.702, 41.92, P0, 15360, 107, 14994, 100, 0, 58, 1590, 5000
2023/04/28 19:07:11.756, 41.92, P0, 15360, 107, 14994, 100, 0, 58, 1590, 5000
2023/04/28 19:07:11.811, 41.92, P0, 15360, 107, 14994, 100, 0, 58, 1590, 5000
2023/04/28 19:07:11.865, 41.92, P0, 15360, 107, 14994, 100, 0, 58, 1590, 5000
2023/04/28 19:07:11.919, 41.92, P0, 15360, 107, 14994, 100, 0, 58, 1590, 5000
2023/04/28 19:07:11.976, 42.02, P0, 15360, 107, 14994, 100, 0, 58, 1590, 5000
2023/04/28 19:07:12.030, 41.92, P0, 15360, 107, 14994, 100, 0, 58, 1590, 5000
2023/04/28 19:07:12.084, 41.92, P0, 15360, 107, 14994, 100, 0, 58, 1590, 5000
2023/04/28 19:07:12.138, 42.02, P0, 15360, 107, 14994, 100, 0, 58, 1590, 5000
2023/04/28 19:07:12.192, 42.02, P0, 15360, 107, 14994, 100, 0, 58, 1590, 5000
2023/04/28 19:07:12.246, 42.02, P0, 15360, 107, 14994, 100, 0, 58, 1590, 5000
2023/04/28 19:07:12.300, 42.02, P0, 15360, 107, 14994, 100, 0, 58, 1590, 5000
2023/04/28 19:07:12.356, 42.02, P0, 15360, 107, 14994, 100, 0, 58, 1590, 5000
2023/04/28 19:07:12.411, 42.02, P0, 15360, 107, 14994, 100, 0, 58, 1590, 5000
2023/04/28 19:07:12.465, 42.02, P0, 15360, 107, 14994, 100, 0, 58, 1590, 5000
2023/04/28 19:07:12.520, 42.02, P0, 15360, 107, 14994, 100, 0, 58, 1590, 5000
2023/04/28 19:07:12.575, 42.02, P0, 15360, 107, 14994, 100, 0, 58, 1590, 5000
2023/04/28 19:07:12.629, 41.92, P0, 15360, 107, 14994, 100, 0, 58, 1590, 5000
2023/04/28 19:07:12.717, 41.92, P0, 15360, 107, 14994, 100, 0, 58, 1590, 5000
2023/04/28 19:07:12.771, 42.31, P0, 15360, 107, 14994, 100, 0, 58, 1590, 5000
2023/04/28 19:07:12.825, 42.31, P0, 15360, 107, 14994, 100, 0, 58, 1590, 5000
2023/04/28 19:07:12.881, 42.31, P0, 15360, 107, 14994, 100, 0, 58, 1590, 5000
2023/04/28 19:07:12.935, 42.31, P0, 15360, 107, 14994, 100, 0, 58, 1590, 5000
2023/04/28 19:07:12.989, 42.31, P0, 15360, 107, 14994, 100, 0, 59, 1590, 5000
2023/04/28 19:07:13.117, 42.41, P0, 15360, 107, 14994, 100, 0, 59, 1590, 5000
2023/04/28 19:07:13.173, 42.31, P0, 15360, 107, 14994, 100, 0, 59, 1590, 5000
2023/04/28 19:07:13.236, 42.41, P0, 15360, 107, 14994, 100, 0, 59, 1590, 5000
2023/04/28 19:07:13.291, 42.41, P0, 15360, 107, 14994, 100, 0, 59, 1590, 5000
2023/04/28 19:07:13.350, 42.41, P0, 15360, 107, 14994, 100, 0, 59, 1590, 5000
2023/04/28 19:07:13.406, 42.41, P0, 15360, 107, 14994, 100, 0, 59, 1590, 5000
2023/04/28 19:07:13.460, 42.41, P0, 15360, 107, 14994, 100, 0, 59, 1590, 5000
2023/04/28 19:07:13.519, 42.41, P0, 15360, 107, 14994, 100, 0, 59, 1590, 5000
2023/04/28 19:07:13.573, 42.41, P0, 15360, 107, 14994, 100, 0, 59, 1590, 5000
2023/04/28 19:07:13.629, 42.41, P0, 15360, 107, 14994, 100, 0, 59, 1590, 5000
2023/04/28 19:07:13.683, 42.41, P0, 15360, 107, 14994, 100, 0, 59, 1590, 5000
2023/04/28 19:07:13.737, 42.41, P0, 15360, 107, 14994, 100, 0, 59, 1590, 5000
2023/04/28 19:07:13.793, 42.41, P0, 15360, 107, 14994, 100, 0, 59, 1590, 5000
2023/04/28 19:07:13.849, 42.41, P0, 15360, 107, 14994, 100, 0, 59, 1590, 5000
2023/04/28 19:07:13.903, 42.41, P0, 15360, 107, 14994, 100, 0, 59, 1590, 5000
2023/04/28 19:07:13.958, 42.41, P0, 15360, 107, 14994, 100, 0, 59, 1590, 5000
2023/04/28 19:07:14.012, 42.41, P0, 15360, 107, 14994, 100, 0, 59, 1590, 5000
2023/04/28 19:07:14.066, 42.41, P0, 15360, 107, 14994, 100, 0, 59, 1590, 5000
2023/04/28 19:07:14.120, 42.41, P0, 15360, 107, 14994, 100, 0, 59, 1590, 5000
2023/04/28 19:07:14.174, 42.41, P0, 15360, 107, 14994, 100, 0, 59, 1590, 5000
2023/04/28 19:07:14.230, 42.41, P0, 15360, 107, 14994, 100, 0, 59, 1590, 5000
2023/04/28 19:07:14.285, 42.41, P0, 15360, 107, 14994, 100, 0, 59, 1590, 5000
2023/04/28 19:07:14.339, 42.41, P0, 15360, 107, 14994, 100, 0, 59, 1590, 5000
2023/04/28 19:07:14.394, 42.41, P0, 15360, 107, 14994, 100, 0, 59, 1590, 5000
2023/04/28 19:07:14.451, 42.41, P0, 15360, 107, 14994, 100, 0, 59, 1590, 5000
2023/04/28 19:07:14.505, 42.41, P0, 15360, 107, 14994, 100, 0, 59, 1590, 5000
2023/04/28 19:07:14.560, 42.41, P0, 15360, 107, 14994, 100, 0, 59, 1590, 5000
2023/04/28 19:07:14.614, 42.41, P0, 15360, 107, 14994, 100, 0, 59, 1590, 5000
2023/04/28 19:07:14.668, 42.41, P0, 15360, 107, 14994, 100, 0, 59, 1590, 5000
2023/04/28 19:07:14.723, 42.41, P0, 15360, 107, 14994, 100, 0, 59, 1590, 5000
2023/04/28 19:07:14.777, 42.51, P0, 15360, 107, 14994, 100, 0, 59, 1590, 5000
2023/04/28 19:07:14.833, 42.51, P0, 15360, 107, 14994, 100, 0, 59, 1590, 5000
2023/04/28 19:07:14.887, 42.41, P0, 15360, 107, 14994, 100, 0, 59, 1590, 5000
2023/04/28 19:07:14.941, 42.41, P0, 15360, 107, 14994, 100, 0, 59, 1590, 5000
2023/04/28 19:07:14.997, 42.51, P0, 15360, 107, 14994, 100, 0, 59, 1590, 5000
2023/04/28 19:07:15.055, 42.41, P0, 15360, 107, 14994, 100, 0, 59, 1590, 5000
2023/04/28 19:07:15.109, 42.41, P0, 15360, 107, 14994, 100, 0, 59, 1590, 5000
2023/04/28 19:07:15.163, 42.51, P0, 15360, 107, 14994, 100, 0, 59, 1590, 5000
2023/04/28 19:07:15.217, 42.51, P0, 15360, 107, 14994, 100, 0, 59, 1590, 5000
2023/04/28 19:07:15.271, 42.51, P0, 15360, 107, 14994, 100, 0, 59, 1590, 5000
2023/04/28 19:07:15.326, 42.51, P0, 15360, 107, 14994, 100, 0, 59, 1590, 5000
2023/04/28 19:07:15.380, 42.51, P0, 15360, 107, 14994, 100, 0, 59, 1590, 5000
2023/04/28 19:07:15.436, 42.51, P0, 15360, 107, 14994, 100, 0, 59, 1590, 5000
2023/04/28 19:07:15.490, 42.51, P0, 15360, 107, 14994, 100, 0, 59, 1590, 5000
2023/04/28 19:07:15.544, 42.51, P0, 15360, 107, 14994, 100, 0, 59, 1590, 5000
2023/04/28 19:07:15.601, 42.51, P0, 15360, 107, 14994, 100, 0, 59, 1590, 5000
2023/04/28 19:07:15.658, 42.51, P0, 15360, 107, 14994, 100, 0, 59, 1590, 5000
2023/04/28 19:07:15.712, 42.51, P0, 15360, 107, 14994, 100, 0, 59, 1590, 5000
2023/04/28 19:07:15.766, 42.51, P0, 15360, 107, 14994, 100, 0, 59, 1590, 5000
2023/04/28 19:07:15.820, 42.51, P0, 15360, 107, 14994, 100, 0, 59, 1590, 5000
2023/04/28 19:07:15.874, 42.51, P0, 15360, 107, 14994, 100, 0, 59, 1590, 5000
2023/04/28 19:07:15.933, 42.51, P0, 15360, 107, 14994, 100, 0, 59, 1590, 5000
2023/04/28 19:07:15.987, 42.51, P0, 15360, 107, 14994, 100, 0, 59, 1590, 5000
2023/04/28 19:07:16.043, 42.51, P0, 15360, 107, 14994, 100, 0, 59, 1590, 5000
2023/04/28 19:07:16.101, 42.51, P0, 15360, 107, 14994, 100, 0, 59, 1590, 5000
2023/04/28 19:07:16.162, 42.51, P0, 15360, 107, 14994, 100, 0, 59, 1590, 5000
2023/04/28 19:07:16.217, 42.51, P0, 15360, 107, 14994, 100, 0, 59, 1590, 5000
2023/04/28 19:07:16.271, 42.51, P0, 15360, 107, 14994, 100, 0, 59, 1590, 5000
2023/04/28 19:07:16.325, 42.51, P0, 15360, 107, 14994, 100, 0, 59, 1590, 5000
2023/04/28 19:07:16.389, 42.51, P0, 15360, 107, 14994, 100, 0, 59, 1590, 5000
2023/04/28 19:07:16.452, 42.51, P0, 15360, 107, 14994, 100, 0, 59, 1590, 5000
2023/04/28 19:07:16.515, 42.51, P0, 15360, 107, 14994, 100, 0, 59, 1590, 5000
2023/04/28 19:07:16.569, 42.61, P0, 15360, 107, 14994, 100, 0, 59, 1590, 5000
2023/04/28 19:07:16.632, 42.61, P0, 15360, 107, 14994, 100, 0, 59, 1590, 5000
2023/04/28 19:07:16.686, 42.51, P0, 15360, 107, 14994, 100, 0, 59, 1590, 5000
2023/04/28 19:07:16.748, 42.51, P0, 15360, 107, 14994, 100, 0, 59, 1590, 5000
2023/04/28 19:07:16.813, 42.61, P0, 15360, 107, 14994, 100, 0, 59, 1590, 5000
2023/04/28 19:07:16.867, 42.51, P0, 15360, 107, 14994, 100, 0, 59, 1590, 5000
2023/04/28 19:07:16.932, 42.51, P0, 15360, 107, 14994, 100, 0, 59, 1590, 5000
2023/04/28 19:07:16.986, 42.61, P0, 15360, 107, 14994, 100, 0, 59, 1590, 5000
2023/04/28 19:07:17.041, 42.61, P0, 15360, 107, 14994, 100, 0, 59, 1590, 5000
2023/04/28 19:07:17.095, 40.17, P0, 15360, 107, 14994, 100, 0, 59, 1590, 5000
2023/04/28 19:07:17.149, 40.17, P0, 15360, 107, 14994, 100, 0, 59, 1590, 5000
2023/04/28 19:07:17.205, 39.09, P0, 15360, 107, 14994, 100, 0, 59, 1590, 5000
2023/04/28 19:07:17.260, 38.79, P0, 15360, 107, 14994, 11, 0, 59, 1590, 5000
2023/04/28 19:07:17.314, 38.79, P0, 15360, 107, 14994, 11, 0, 59, 1590, 5000
2023/04/28 19:07:17.372, 38.79, P0, 15360, 107, 14994, 11, 0, 59, 1590, 5000
2023/04/28 19:07:17.428, 38.79, P0, 15360, 107, 14994, 0, 0, 59, 1590, 5000
2023/04/28 19:07:17.483, 38.89, P0, 15360, 107, 14994, 0, 0, 59, 1590, 5000
2023/04/28 19:07:17.537, 38.89, P0, 15360, 107, 14994, 0, 0, 59, 1590, 5000
2023/04/28 19:07:17.591, 38.89, P0, 15360, 107, 14994, 0, 0, 59, 1590, 5000
2023/04/28 19:07:17.648, 38.89, P0, 15360, 107, 14994, 0, 0, 59, 1590, 5000
2023/04/28 19:07:17.702, 39.09, P0, 15360, 107, 14994, 0, 0, 59, 1590, 5000
2023/04/28 19:07:17.756, 39.09, P0, 15360, 107, 14994, 0, 0, 59, 1590, 5000
2023/04/28 19:07:17.812, 39.09, P0, 15360, 107, 14994, 0, 0, 59, 1590, 5000
2023/04/28 19:07:17.869, 38.79, P0, 15360, 107, 14994, 0, 0, 59, 1590, 5000
2023/04/28 19:07:17.923, 38.79, P0, 15360, 107, 14994, 0, 0, 59, 1590, 5000
2023/04/28 19:07:17.977, 38.79, P0, 15360, 107, 14994, 0, 0, 59, 1590, 5000
2023/04/28 19:07:18.032, 38.79, P0, 15360, 107, 14994, 0, 0, 59, 1590, 5000
2023/04/28 19:07:18.086, 38.99, P0, 15360, 107, 14994, 0, 0, 59, 1590, 5000
2023/04/28 19:07:18.143, 38.99, P0, 15360, 107, 14994, 0, 0, 59, 1590, 5000
2023/04/28 19:07:18.197, 38.89, P0, 15360, 107, 14994, 0, 0, 59, 1590, 5000
2023/04/28 19:07:18.260, 38.99, P0, 15360, 107, 14994, 0, 0, 59, 1590, 5000
2023/04/28 19:07:18.324, 38.99, P0, 15360, 107, 14994, 0, 0, 59, 1590, 5000
2023/04/28 19:07:18.378, 38.89, P0, 15360, 107, 14994, 0, 0, 59, 1590, 5000
2023/04/28 19:07:18.438, 38.89, P0, 15360, 107, 14994, 0, 0, 59, 1590, 5000
2023/04/28 19:07:18.502, 38.99, P0, 15360, 107, 14994, 0, 0, 59, 1590, 5000
2023/04/28 19:07:18.564, 38.89, P0, 15360, 107, 14994, 0, 0, 59, 1590, 5000
2023/04/28 19:07:18.625, 38.89, P0, 15360, 107, 14994, 0, 0, 59, 1590, 5000
2023/04/28 19:07:18.679, 38.99, P0, 15360, 107, 14994, 0, 0, 59, 1590, 5000
2023/04/28 19:07:18.735, 38.99, P0, 15360, 107, 14994, 0, 0, 59, 1590, 5000
2023/04/28 19:07:18.790, 38.99, P0, 15360, 107, 14994, 0, 0, 59, 1590, 5000
2023/04/28 19:07:18.844, 38.99, P0, 15360, 107, 14994, 0, 0, 59, 585, 5000
2023/04/28 19:07:18.902, 30.96, P0, 15360, 107, 14994, 0, 0, 59, 585, 5000
COMPLETED SUCCESSFULLY
2023/04/28 19:07:18.965, 30.47, P0, 15360, 103, 14998, 0, 0, 59, 585, 5000
# end train @2023-04-28-19:07:19.008-UTC
2023/04/28 19:07:19.026, 30.47, P0, 15360, 0, 15101, 2, 0, 59, 585, 5000
2023/04/28 19:07:19.081, 30.47, P0, 15360, 0, 15101, 2, 0, 59, 585, 5000
2023/04/28 19:07:19.138, 30.47, P0, 15360, 0, 15101, 2, 0, 59, 585, 5000
2023/04/28 19:07:19.192, 30.47, P0, 15360, 0, 15101, 2, 0, 59, 585, 5000
2023/04/28 19:07:19.247, 30.47, P0, 15360, 0, 15101, 0, 0, 59, 585, 5000
2023/04/28 19:07:19.301, 30.47, P0, 15360, 0, 15101, 0, 0, 59, 585, 5000
2023/04/28 19:07:19.357, 30.47, P0, 15360, 0, 15101, 0, 0, 59, 585, 5000
2023/04/28 19:07:19.411, 30.56, P0, 15360, 0, 15101, 0, 0, 59, 585, 5000
2023/04/28 19:07:19.465, 30.48, P0, 15360, 0, 15101, 0, 0, 59, 585, 5000
2023/04/28 19:07:19.521, 30.48, P0, 15360, 0, 15101, 0, 0, 59, 585, 5000
2023/04/28 19:07:19.577, 30.47, P0, 15360, 0, 15101, 0, 0, 59, 585, 5000
2023/04/28 19:07:19.631, 30.47, P0, 15360, 0, 15101, 0, 0, 59, 585, 5000
2023/04/28 19:07:19.687, 30.47, P0, 15360, 0, 15101, 0, 0, 59, 585, 5000
2023/04/28 19:07:19.741, 30.47, P0, 15360, 0, 15101, 0, 0, 59, 585, 5000
2023/04/28 19:07:19.796, 30.48, P0, 15360, 0, 15101, 0, 0, 59, 585, 5000
2023/04/28 19:07:19.850, 30.48, P0, 15360, 0, 15101, 0, 0, 59, 585, 5000
2023/04/28 19:07:19.904, 30.47, P0, 15360, 0, 15101, 0, 0, 59, 585, 5000
2023/04/28 19:07:19.960, 30.47, P0, 15360, 0, 15101, 0, 0, 59, 585, 5000
2023/04/28 19:07:20.014, 30.56, P0, 15360, 0, 15101, 0, 0, 59, 585, 5000
2023/04/28 19:07:20.068, 30.47, P0, 15360, 0, 15101, 0, 0, 59, 585, 5000
2023/04/28 19:07:20.124, 30.47, P0, 15360, 0, 15101, 0, 0, 59, 585, 5000
2023/04/28 19:07:20.180, 30.47, P0, 15360, 0, 15101, 0, 0, 59, 585, 5000
2023/04/28 19:07:20.235, 30.47, P0, 15360, 0, 15101, 0, 0, 59, 585, 5000
2023/04/28 19:07:20.290, 30.47, P0, 15360, 0, 15101, 0, 0, 59, 585, 5000
2023/04/28 19:07:20.344, 30.47, P0, 15360, 0, 15101, 0, 0, 59, 585, 5000
2023/04/28 19:07:20.398, 30.47, P0, 15360, 0, 15101, 0, 0, 59, 585, 5000
2023/04/28 19:07:20.452, 30.47, P0, 15360, 0, 15101, 0, 0, 59, 585, 5000
2023/04/28 19:07:20.507, 30.47, P0, 15360, 0, 15101, 0, 0, 59, 585, 5000
2023/04/28 19:07:20.563, 30.47, P0, 15360, 0, 15101, 0, 0, 59, 585, 5000
2023/04/28 19:07:20.617, 30.47, P0, 15360, 0, 15101, 0, 0, 59, 585, 5000
2023/04/28 19:07:20.671, 30.47, P0, 15360, 0, 15101, 0, 0, 59, 585, 5000
2023/04/28 19:07:20.727, 30.47, P0, 15360, 0, 15101, 0, 0, 59, 585, 5000
2023/04/28 19:07:20.783, 30.47, P0, 15360, 0, 15101, 0, 0, 59, 585, 5000
2023/04/28 19:07:20.837, 30.47, P0, 15360, 0, 15101, 0, 0, 59, 585, 5000
2023/04/28 19:07:20.892, 30.47, P0, 15360, 0, 15101, 0, 0, 59, 585, 5000
2023/04/28 19:07:20.947, 30.47, P8, 15360, 0, 15101, 0, 0, 59, 360, 405
2023/04/28 19:07:21.001, 19.35, P8, 15360, 0, 15101, 0, 0, 59, 360, 405
2023/04/28 19:07:21.057, 19.35, P8, 15360, 0, 15101, 0, 0, 58, 360, 405
2023/04/28 19:07:21.112, 13.42, P8, 15360, 0, 15101, 0, 0, 58, 360, 405
2023/04/28 19:07:21.168, 13.42, P8, 15360, 0, 15101, 0, 0, 58, 360, 405
2023/04/28 19:07:21.223, 13.91, P8, 15360, 0, 15101, 0, 0, 58, 360, 405
2023/04/28 19:07:21.279, 18.76, P8, 15360, 0, 15101, 0, 0, 58, 300, 405
2023/04/28 19:07:21.333, 18.76, P8, 15360, 0, 15101, 0, 0, 58, 300, 405
2023/04/28 19:07:21.389, 12.93, P8, 15360, 0, 15101, 0, 0, 58, 300, 405
2023/04/28 19:07:21.444, 12.93, P8, 15360, 0, 15101, 0, 0, 58, 300, 405
2023/04/28 19:07:21.500, 13.03, P8, 15360, 0, 15101, 0, 0, 58, 300, 405
2023/04/28 19:07:21.555, 13.03, P8, 15360, 0, 15101, 0, 0, 58, 300, 405
2023/04/28 19:07:21.611, 13.13, P8, 15360, 0, 15101, 0, 0, 58, 300, 405
2023/04/28 19:07:21.666, 13.13, P8, 15360, 0, 15101, 0, 0, 58, 300, 405
2023/04/28 19:07:21.722, 13.42, P8, 15360, 0, 15101, 0, 0, 58, 300, 405
2023/04/28 19:07:21.778, 12.73, P8, 15360, 0, 15101, 0, 0, 58, 300, 405
2023/04/28 19:07:21.834, 12.73, P8, 15360, 0, 15101, 0, 0, 58, 300, 405
2023/04/28 19:07:21.889, 12.63, P8, 15360, 0, 15101, 0, 0, 58, 300, 405
2023/04/28 19:07:21.945, 12.63, P8, 15360, 0, 15101, 0, 0, 58, 300, 405
2023/04/28 19:07:22.000, 12.63, P8, 15360, 0, 15101, 0, 0, 58, 300, 405
# recording stops @2023-04-28-19:07:22.013-UTC
